""	"1"	"2"	"3"	"4"	"5"	"6"	"7"	"8"	"9"	"10"	"11"	"12"	"13"	"14"	"15"	"16"	"label"
"128110"	0.328925619834711	0.555371900826446	0.39504132231405	0.487603305785124	0.211570247933884	0.00826446280991736	0.00661157024793388	0.00495867768595041	1e-05	1e-05	1e-05	1e-05	1e-05	1e-05	1e-05	1e-05	"c"
"128120"	0.361783439490446	0.65859872611465	0.547770700636943	0.332484076433121	0.0394904458598726	0.0394904458598726	1e-05	1e-05	1e-05	1e-05	1e-05	1e-05	1e-05	1e-05	1e-05	1e-05	"c"
"128123"	0.330769230769231	0.725	0.405769230769231	0.365384615384615	0.0980769230769231	0.0230769230769231	0.0442307692307692	1e-05	1e-05	1e-05	1e-05	1e-05	1e-05	1e-05	1e-05	1e-05	"c"
"128124"	0.330645161290323	0.574193548387097	0.4	0.479032258064516	0.146774193548387	0.0209677419354839	0.0370967741935484	0.00806451612903226	0.00161290322580645	1e-05	1e-05	1e-05	1e-05	1e-05	1e-05	1e-05	"c"
"128137"	0.275862068965517	0.609195402298851	0.455172413793103	0.471264367816092	0.147126436781609	0.00689655172413793	0.00229885057471264	0.00919540229885057	0.00689655172413793	0.00689655172413793	0.00459770114942529	0	0.00229885057471264	1e-05	1e-05	1e-05	"c"
"128142"	0.355555555555556	0.688888888888889	0.426666666666667	0.213333333333333	0.288888888888889	0.00444444444444444	0.00444444444444444	1e-05	1e-05	1e-05	1e-05	1e-05	1e-05	1e-05	1e-05	1e-05	"c"
"128143"	0.340625	0.75625	0.43125	0.328125	0.09375	0.0125	0.0125	1e-05	1e-05	1e-05	1e-05	1e-05	1e-05	1e-05	1e-05	1e-05	"c"
"396607"	0.366666666666667	0.644444444444444	0.446296296296296	0.32037037037037	0.177777777777778	0.0111111111111111	0.0222222222222222	0.00740740740740741	1e-05	1e-05	1e-05	1e-05	1e-05	1e-05	1e-05	1e-05	"c"
"396608"	0.34979079497908	0.810460251046025	0.623430962343096	0.0836820083682008	0.113807531380753	0.0117154811715481	0.00334728033472803	0.000836820083682008	0.00125523012552301	1e-05	1e-05	1e-05	1e-05	1e-05	1e-05	1e-05	"c"
"9559195"	0.462295081967213	0.622950819672131	0.414754098360656	0.237704918032787	0.185245901639344	0.0131147540983607	0.0114754098360656	0.0344262295081967	0.0147540983606557	0.00163934426229508	0	0	0	1e-05	1e-05	1e-05	"c"
"9559196"	0.416666666666667	0.743939393939394	0.446969696969697	0.171212121212121	0.154545454545455	0.0106060606060606	0.0257575757575758	0.0196969696969697	1e-05	1e-05	1e-05	1e-05	1e-05	1e-05	1e-05	1e-05	"c"
"9559229"	0.390726681127983	0.589642082429501	0.36355748373102	0.396800433839479	0.256236442516269	0.00244034707158351	0.000379609544468547	0.000162689804772234	0	0	0	0	0	0	1e-05	1e-05	"c"
"9559230"	0.39251497005988	0.612095808383234	0.381616766467066	0.363892215568862	0.24497005988024	0.00215568862275449	0.00173652694610778	0.000718562874251497	5.98802395209581e-05	5.98802395209581e-05	0.000119760479041916	0	1e-05	1e-05	1e-05	1e-05	"c"
"9559237"	0.4	0.848275862068966	0.441379310344828	0.096551724137931	0.2	0.00689655172413793	0	1e-05	1e-05	1e-05	1e-05	1e-05	1e-05	1e-05	1e-05	1e-05	"c"
"9559249"	0.341772151898734	0.772151898734177	0.6	0.0582278481012658	0.222784810126582	0	0.00253164556962025	0	1e-05	1e-05	1e-05	1e-05	1e-05	1e-05	1e-05	1e-05	"c"
"9559257"	0.471895424836601	1.1202614379085	0.138562091503268	0.244444444444444	0.0235294117647059	0	0	1e-05	1e-05	1e-05	1e-05	1e-05	1e-05	1e-05	1e-05	1e-05	"c"
"9559258"	0.166666666666667	1.4	0.15	0.05	0.05	0.05	0.116666666666667	0	0	0	1e-05	1e-05	1e-05	1e-05	1e-05	1e-05	"c"
"9559259"	0.49010989010989	1.03076923076923	0.191208791208791	0.186813186813187	0.0945054945054945	0	0.0043956043956044	1e-05	1e-05	1e-05	1e-05	1e-05	1e-05	1e-05	1e-05	1e-05	"c"
"9559266"	0.494380587484036	0.869093231162197	0.262324393358876	0.272541507024266	0.0731800766283525	0.0106002554278416	0.00996168582375479	0.00498084291187739	0.00191570881226054	0.000510855683269476	0.000127713920817369	0	0.000127713920817369	1e-05	1e-05	1e-05	"c"
"9559268"	0.462745098039216	1.01045751633987	0.183006535947712	0.271895424836601	0.061437908496732	0.00392156862745098	0.00261437908496732	1e-05	1e-05	1e-05	1e-05	1e-05	1e-05	1e-05	1e-05	1e-05	"c"
"9559269"	0.506666666666667	0.653333333333333	0.506666666666667	0.133333333333333	0	0.146666666666667	1e-05	1e-05	1e-05	1e-05	1e-05	1e-05	1e-05	1e-05	1e-05	1e-05	"c"
"9559270"	0.4	1	0.4	0	0	0	1e-05	1e-05	1e-05	1e-05	1e-05	1e-05	1e-05	1e-05	1e-05	1e-05	"c"
"9559271"	0.437837837837838	1.17477477477477	0.145945945945946	0.216216216216216	0.0216216216216216	0.0018018018018018	0	1e-05	1e-05	1e-05	1e-05	1e-05	1e-05	1e-05	1e-05	1e-05	"c"
"9559273"	0.306134969325153	0.649079754601227	0.525766871165644	0.474846625766871	0.0361963190184049	0.00306748466257669	1e-05	1e-05	1e-05	1e-05	1e-05	1e-05	1e-05	1e-05	1e-05	1e-05	"c"
"9559284"	0.394805194805195	0.606493506493507	0.387012987012987	0.309090909090909	0.264935064935065	0.0142857142857143	0.00909090909090909	0.0103896103896104	0.0025974025974026	0	1e-05	1e-05	1e-05	1e-05	1e-05	1e-05	"c"
"9559285"	0.4	0.685333333333333	0.474666666666667	0.373333333333333	0.0506666666666667	0.00533333333333333	0.008	1e-05	1e-05	1e-05	1e-05	1e-05	1e-05	1e-05	1e-05	1e-05	"c"
"9559299"	0.433333333333333	0.861111111111111	0.414814814814815	0.227777777777778	0.05	0.0037037037037037	0.0037037037037037	0.0037037037037037	0	1e-05	1e-05	1e-05	1e-05	1e-05	1e-05	1e-05	"c"
"9559300"	0.6	0.8	0	0.2	0.2	0	0	0	1e-05	1e-05	1e-05	1e-05	1e-05	1e-05	1e-05	1e-05	"c"
"9559324"	0.2	1.4	0.2	0	0	1e-05	1e-05	1e-05	1e-05	1e-05	1e-05	1e-05	1e-05	1e-05	1e-05	1e-05	"c"
"9559325"	0.316981132075472	0.60377358490566	0.352830188679245	0.424528301886792	0.19811320754717	0.0509433962264151	0.00943396226415094	0.0188679245283019	0.0207547169811321	0.00188679245283019	0	0	0	0	0	1e-05	"c"
"9559326"	0.369450101832994	1.13401221995927	0.169450101832994	0.193890020366599	0.0733197556008147	0.0566191446028513	0.00162932790224033	0.000407331975560081	0.000407331975560081	0	0	0.000407331975560081	0	0	0	1e-05	"c"
"9559327"	0.370119521912351	1.31593625498008	0.0856573705179283	0.195617529880478	0.0131474103585657	0.0103585657370518	0.00796812749003984	1e-05	1e-05	1e-05	1e-05	1e-05	1e-05	1e-05	1e-05	1e-05	"c"
"9559332"	0.394915254237288	0.8	0.477118644067797	0.117796610169492	0.15	0.00593220338983051	0.011864406779661	0.0152542372881356	0.0203389830508475	1e-05	1e-05	1e-05	1e-05	1e-05	1e-05	1e-05	"c"
"9559334"	0.422222222222222	0.877777777777778	0.466666666666667	0.0333333333333333	0.177777777777778	0.0111111111111111	1e-05	1e-05	1e-05	1e-05	1e-05	1e-05	1e-05	1e-05	1e-05	1e-05	"c"
"9559335"	0.525	0.8	0.4625	0.0125	0.1875	1e-05	1e-05	1e-05	1e-05	1e-05	1e-05	1e-05	1e-05	1e-05	1e-05	1e-05	"c"
"9559336"	0.52	0.88	0.546	0.044	1e-05	1e-05	1e-05	1e-05	1e-05	1e-05	1e-05	1e-05	1e-05	1e-05	1e-05	1e-05	"c"
"9559394"	0.405405405405405	0.794594594594595	0.562162162162162	0.0972972972972973	0.135135135135135	0	0	0	1e-05	1e-05	1e-05	1e-05	1e-05	1e-05	1e-05	1e-05	"c"
"9559395"	0.5875	0.725	0.45	0.0625	0.1375	1e-05	1e-05	1e-05	1e-05	1e-05	1e-05	1e-05	1e-05	1e-05	1e-05	1e-05	"c"
"9559396"	0.330864197530864	0.68641975308642	0.532098765432099	0.238271604938272	0.138271604938272	0.0160493827160494	0.0160493827160494	0.0246913580246914	0.0135802469135802	1e-05	1e-05	1e-05	1e-05	1e-05	1e-05	1e-05	"c"
"9559397"	0.422	0.93	0.546	0.066	1e-05	1e-05	1e-05	1e-05	1e-05	1e-05	1e-05	1e-05	1e-05	1e-05	1e-05	1e-05	"c"
"9559399"	0.560869565217391	0.756521739130435	0.382608695652174	0.0695652173913043	0.0304347826086957	0.0869565217391304	0.0652173913043478	0	0	0.0217391304347826	0.00869565217391304	0.0130434782608696	1e-05	1e-05	1e-05	1e-05	"c"
"9559411"	0.445569620253165	0.705485232067511	0.312236286919831	0.413924050632911	0.0594936708860759	0.0181434599156118	0.029535864978903	0.0118143459915612	0.0029535864978903	0.000421940928270042	0	0	0	0	1e-05	1e-05	"c"
"9559413"	0.375675675675676	0.987837837837838	0.228378378378378	0.278378378378378	0.0797297297297297	0.027027027027027	0.0189189189189189	0.0027027027027027	1e-05	1e-05	1e-05	1e-05	1e-05	1e-05	1e-05	1e-05	"c"
"9559414"	0.332919254658385	0.652173913043478	0.44472049689441	0.228571428571429	0.192546583850932	0	0.0397515527950311	0.0248447204968944	0.0248447204968944	0.0173913043478261	0.0211180124223602	0.00993788819875776	0.00993788819875776	1e-05	1e-05	1e-05	"c"
"9559415"	0.459090909090909	0.772727272727273	0.518181818181818	0.213636363636364	0.0318181818181818	1e-05	1e-05	1e-05	1e-05	1e-05	1e-05	1e-05	1e-05	1e-05	1e-05	1e-05	"c"
"9559417"	0.336277602523659	0.814511041009464	0.526813880126183	0.236593059936909	0.0542586750788644	0.0100946372239748	0.0176656151419558	0.00126182965299685	0	0	0	0	1e-05	1e-05	1e-05	1e-05	"c"
"9559418"	0.440506329113924	0.744303797468354	0.521518987341772	0.179746835443038	0.0556962025316456	0.00506329113924051	0.0253164556962025	0.020253164556962	0.00506329113924051	1e-05	1e-05	1e-05	1e-05	1e-05	1e-05	1e-05	"c"
"9559419"	0.393181818181818	0.689772727272727	0.542045454545454	0.289772727272727	0.0693181818181818	0.00681818181818182	0.00340909090909091	0.00454545454545455	1e-05	1e-05	1e-05	1e-05	1e-05	1e-05	1e-05	1e-05	"c"
"9559420"	0.576623376623377	0.307792207792208	1e-05	1e-05	1e-05	1e-05	1e-05	1e-05	1e-05	1e-05	1e-05	1e-05	1e-05	1e-05	1e-05	1e-05	"c"
"9559429"	0.238683127572016	0.836213991769547	0.636213991769547	0.247736625514403	0.0288065843621399	0.00329218106995885	0.00493827160493827	0.00246913580246914	0.000823045267489712	0	0	1e-05	1e-05	1e-05	1e-05	1e-05	"c"
"9559431"	0.329333333333333	0.557333333333333	0.421333333333333	0.468	0.169333333333333	0.016	0.0226666666666667	0.00666666666666667	0	0.00133333333333333	0	0.00266666666666667	0.00266666666666667	0	0	1e-05	"c"
"9559432"	0.633333333333333	0.7	0.333333333333333	0.133333333333333	0	0	0.0666666666666667	0.1	0	1e-05	1e-05	1e-05	1e-05	1e-05	1e-05	1e-05	"c"
"9559433"	0.552	0.894	0.484	0.046	1e-05	1e-05	1e-05	1e-05	1e-05	1e-05	1e-05	1e-05	1e-05	1e-05	1e-05	1e-05	"c"
"9559434"	0.377777777777778	0.553703703703704	0.314814814814815	0.327777777777778	0.35	0.0111111111111111	0.0111111111111111	0.0185185185185185	0.0259259259259259	0.00740740740740741	0	1e-05	1e-05	1e-05	1e-05	1e-05	"c"
"9559454"	0.335483870967742	0.769354838709677	0.601612903225806	0.206451612903226	0.082258064516129	0	0.00161290322580645	1e-05	1e-05	1e-05	1e-05	1e-05	1e-05	1e-05	1e-05	1e-05	"c"
"9559455"	0.523636363636364	0.734545454545455	0.423636363636364	0.212727272727273	0.0927272727272727	0.0109090909090909	1e-05	1e-05	1e-05	1e-05	1e-05	1e-05	1e-05	1e-05	1e-05	1e-05	"c"
"9559456"	0.52	0.76	0.4	0.08	0.04	0	0.12	0	0.04	1e-05	1e-05	1e-05	1e-05	1e-05	1e-05	1e-05	"c"
"9559457"	0.421132596685083	0.92182320441989	0.338121546961326	0.195994475138122	0.0484806629834254	0.0350828729281768	0.0279005524861878	0.00566298342541436	0.00110497237569061	0.000828729281767956	0.000966850828729282	0.00110497237569061	0.000828729281767956	0.000552486187845304	0	1e-05	"c"
"9559458"	0.505263157894737	0.768421052631579	0.368421052631579	0.126315789473684	0.221052631578947	1e-05	1e-05	1e-05	1e-05	1e-05	1e-05	1e-05	1e-05	1e-05	1e-05	1e-05	"c"
"9559484"	0.360526315789474	0.644736842105263	0.473684210526316	0.411842105263158	0.0302631578947368	0.0513157894736842	0.0263157894736842	1e-05	1e-05	1e-05	1e-05	1e-05	1e-05	1e-05	1e-05	1e-05	"c"
"9559485"	0.290322580645161	0.709677419354839	0.574193548387097	0.174193548387097	0.219354838709677	0.0129032258064516	0.0129032258064516	0	0	0	0	1e-05	1e-05	1e-05	1e-05	1e-05	"c"
"9559493"	0.466666666666667	0.733333333333333	0.6	0	0	0.0666666666666667	0	0.0666666666666667	0	0	1e-05	1e-05	1e-05	1e-05	1e-05	1e-05	"c"
"9559506"	0.554409317803661	0.6369384359401	0.250249584026622	0.363394342762063	0.149084858569052	0.0149750415973378	0.0199667221297837	0.00898502495840266	0.00166389351081531	1e-05	1e-05	1e-05	1e-05	1e-05	1e-05	1e-05	"c"
"9559508"	0.398290598290598	0.478632478632479	0.28034188034188	0.463247863247863	0.292307692307692	0.011965811965812	0.011965811965812	0.0307692307692308	0.0273504273504274	1e-05	1e-05	1e-05	1e-05	1e-05	1e-05	1e-05	"c"
"9559509"	0.542857142857143	0.8	0.4	0.0571428571428571	0	0.0285714285714286	0.142857142857143	1e-05	1e-05	1e-05	1e-05	1e-05	1e-05	1e-05	1e-05	1e-05	"c"
"9559510"	0.653968253968254	0.761904761904762	0.314285714285714	0.158730158730159	0.104761904761905	0	0	1e-05	1e-05	1e-05	1e-05	1e-05	1e-05	1e-05	1e-05	1e-05	"c"
"9559511"	0.506666666666667	0.949333333333333	0.304	0.192	0.0373333333333333	0	0.00266666666666667	0.00533333333333333	1e-05	1e-05	1e-05	1e-05	1e-05	1e-05	1e-05	1e-05	"c"
"9559512"	0.531354359925788	0.917996289424861	0.268645640074211	0.252319109461967	0.0252319109461967	0.00111317254174397	0.00111317254174397	0.00148423005565863	1e-05	1e-05	1e-05	1e-05	1e-05	1e-05	1e-05	1e-05	"c"
"9559513"	0.615686274509804	0.770588235294118	0.335294117647059	0.188235294117647	0.0764705882352941	0.00980392156862745	1e-05	1e-05	1e-05	1e-05	1e-05	1e-05	1e-05	1e-05	1e-05	1e-05	"c"
"9559530"	0.454620123203285	0.762628336755647	0.462012320328542	0.125256673511294	0.189322381930185	0.00164271047227926	0.00205338809034908	0.00164271047227926	0.000410677618069815	1e-05	1e-05	1e-05	1e-05	1e-05	1e-05	1e-05	"c"
"9559531"	0.32	0.88	0.6	0	0	0	0.04	0.12	1e-05	1e-05	1e-05	1e-05	1e-05	1e-05	1e-05	1e-05	"c"
"9559532"	0.784	0.798	0.308	0.09	1e-05	1e-05	1e-05	1e-05	1e-05	1e-05	1e-05	1e-05	1e-05	1e-05	1e-05	1e-05	"c"
"9559533"	0.504	0.778	0.606	0.078	1e-05	1e-05	1e-05	1e-05	1e-05	1e-05	1e-05	1e-05	1e-05	1e-05	1e-05	1e-05	"c"
"9559535"	0.553563218390805	0.659310344827586	0.262528735632184	0.257011494252874	0.206436781609195	0.0482758620689655	0.0032183908045977	0.00505747126436782	0.00275862068965517	0.00137931034482759	0	0	1e-05	1e-05	1e-05	1e-05	"c"
"9559536"	1	0.4	0	0.2	0.2	0	0	1e-05	1e-05	1e-05	1e-05	1e-05	1e-05	1e-05	1e-05	1e-05	"c"
"9559537"	0.551515151515152	0.672727272727273	0.286868686868687	0.258585858585859	0.181818181818182	0.0262626262626263	0.00606060606060606	0.00606060606060606	0.00404040404040404	0	0.00202020202020202	0	0	0	0	1e-05	"c"
"9559538"	0.408207934336525	0.527222982216142	0.333515731874145	0.406292749658003	0.27797537619699	0.00766073871409029	0.0224350205198358	0.0131326949384405	0.00300957592339261	0.00027359781121751	0	1e-05	1e-05	1e-05	1e-05	1e-05	"c"
"9559539"	0.646	1.098	0.238	0.01	1e-05	1e-05	1e-05	1e-05	1e-05	1e-05	1e-05	1e-05	1e-05	1e-05	1e-05	1e-05	"c"
"9559540"	0.460649819494585	1.04296028880866	0.163176895306859	0.209025270758123	0.107220216606498	0.00866425992779783	0.00649819494584838	0.000722021660649819	0.00036101083032491	0	0	0	0.00036101083032491	1e-05	1e-05	1e-05	"c"
"9559541"	0.50828025477707	0.727388535031847	0.44968152866242	0.163057324840764	0.113375796178344	0.0114649681528662	0.0165605095541401	0.00636942675159236	0.00254777070063694	1e-05	1e-05	1e-05	1e-05	1e-05	1e-05	1e-05	"c"
"9559543"	0.364044943820225	0.957303370786517	0.255056179775281	0.330337078651685	0.0696629213483146	0.0157303370786517	0.00674157303370787	1e-05	1e-05	1e-05	1e-05	1e-05	1e-05	1e-05	1e-05	1e-05	"c"
"9559544"	0.6	0.687272727272727	0.414545454545455	0.258181818181818	0.0327272727272727	0	0	0.00363636363636364	0	1e-05	1e-05	1e-05	1e-05	1e-05	1e-05	1e-05	"c"
"9559548"	0.592727272727273	0.727272727272727	0.349090909090909	0.272727272727273	0.0509090909090909	0	0	0.00363636363636364	0	1e-05	1e-05	1e-05	1e-05	1e-05	1e-05	1e-05	"c"
"9559549"	0.45	0.883333333333333	0.458333333333333	0.0583333333333333	0.141666666666667	1e-05	1e-05	1e-05	1e-05	1e-05	1e-05	1e-05	1e-05	1e-05	1e-05	1e-05	"c"
"9559551"	0.265116279069767	0.506976744186047	0.567441860465116	0.274418604651163	0.213953488372093	0.144186046511628	0.0232558139534884	0	0	0	1e-05	1e-05	1e-05	1e-05	1e-05	1e-05	"c"
"9559553"	0.435135135135135	0.835135135135135	0.475675675675676	0.12972972972973	0.0972972972972973	0.00810810810810811	0.00810810810810811	0.00540540540540541	0	0.0027027027027027	0	0	0	0	1e-05	1e-05	"c"
"9559554"	0.533333333333333	0.91578947368421	0.266666666666667	0.224561403508772	0.0280701754385965	0.0175438596491228	1e-05	1e-05	1e-05	1e-05	1e-05	1e-05	1e-05	1e-05	1e-05	1e-05	"c"
"9559557"	0.6	0.3	1e-05	1e-05	1e-05	1e-05	1e-05	1e-05	1e-05	1e-05	1e-05	1e-05	1e-05	1e-05	1e-05	1e-05	"c"
"9559560"	0.668041237113402	0.905154639175258	0.204123711340206	0.168041237113402	0.0381443298969072	0.00824742268041237	0.00412371134020619	0.00309278350515464	1e-05	1e-05	1e-05	1e-05	1e-05	1e-05	1e-05	1e-05	"c"
"9559566"	0.47719298245614	0.764912280701754	0.508771929824561	0.0385964912280702	0.171929824561404	0.00701754385964912	0.0105263157894737	0.00350877192982456	0.0140350877192982	0	0	1e-05	1e-05	1e-05	1e-05	1e-05	"c"
"9559567"	0.34384858044164	0.750157728706625	0.294637223974763	0.45993690851735	0.0977917981072555	0.0315457413249211	0.0145110410094637	1e-05	1e-05	1e-05	1e-05	1e-05	1e-05	1e-05	1e-05	1e-05	"c"
"9559568"	0.379661016949153	0.745762711864407	0.576271186440678	0.166101694915254	0.111864406779661	0.00338983050847458	0.00338983050847458	1e-05	1e-05	1e-05	1e-05	1e-05	1e-05	1e-05	1e-05	1e-05	"c"
"9559572"	0.440712468193384	0.633842239185751	0.370483460559796	0.465139949109415	0.0816793893129771	0.00229007633587786	0.00356234096692112	1e-05	1e-05	1e-05	1e-05	1e-05	1e-05	1e-05	1e-05	1e-05	"c"
"128111"	0.322	1.116	0.558	0.002	1e-05	1e-05	1e-05	1e-05	1e-05	1e-05	1e-05	1e-05	1e-05	1e-05	1e-05	1e-05	"k"
"128113"	0.478	0.77	0.738	0.012	1e-05	1e-05	1e-05	1e-05	1e-05	1e-05	1e-05	1e-05	1e-05	1e-05	1e-05	1e-05	"k"
"128114"	0.647	1e-05	1e-05	1e-05	1e-05	1e-05	1e-05	1e-05	1e-05	1e-05	1e-05	1e-05	1e-05	1e-05	1e-05	1e-05	"k"
"128116"	0.578	0.784	0.424	0.208	1e-05	1e-05	1e-05	1e-05	1e-05	1e-05	1e-05	1e-05	1e-05	1e-05	1e-05	1e-05	"k"
"128119"	0.468	0.908	0.608	0.01	1e-05	1e-05	1e-05	1e-05	1e-05	1e-05	1e-05	1e-05	1e-05	1e-05	1e-05	1e-05	"k"
"128125"	0.712	1e-05	1e-05	1e-05	1e-05	1e-05	1e-05	1e-05	1e-05	1e-05	1e-05	1e-05	1e-05	1e-05	1e-05	1e-05	"k"
"128126"	0.578	0.712	0.55	0.154	1e-05	1e-05	1e-05	1e-05	1e-05	1e-05	1e-05	1e-05	1e-05	1e-05	1e-05	1e-05	"k"
"128128"	0.43	0.95	0.616	0.002	1e-05	1e-05	1e-05	1e-05	1e-05	1e-05	1e-05	1e-05	1e-05	1e-05	1e-05	1e-05	"k"
"128129"	0.422	0.982	0.574	0.02	1e-05	1e-05	1e-05	1e-05	1e-05	1e-05	1e-05	1e-05	1e-05	1e-05	1e-05	1e-05	"k"
"128131"	0.342	1.03	0.612	0.012	1e-05	1e-05	1e-05	1e-05	1e-05	1e-05	1e-05	1e-05	1e-05	1e-05	1e-05	1e-05	"k"
"128132"	0.71	0.752	0.35	0.182	1e-05	1e-05	1e-05	1e-05	1e-05	1e-05	1e-05	1e-05	1e-05	1e-05	1e-05	1e-05	"k"
"128133"	0.597	1e-05	1e-05	1e-05	1e-05	1e-05	1e-05	1e-05	1e-05	1e-05	1e-05	1e-05	1e-05	1e-05	1e-05	1e-05	"k"
"128134"	0.41	1.032	0.544	0.01	1e-05	1e-05	1e-05	1e-05	1e-05	1e-05	1e-05	1e-05	1e-05	1e-05	1e-05	1e-05	"k"
"128136"	0.306	0.89	0.8	0.002	1e-05	1e-05	1e-05	1e-05	1e-05	1e-05	1e-05	1e-05	1e-05	1e-05	1e-05	1e-05	"k"
"128138"	0.422	0.95	0.624	0.002	1e-05	1e-05	1e-05	1e-05	1e-05	1e-05	1e-05	1e-05	1e-05	1e-05	1e-05	1e-05	"k"
"128140"	0.432	1.478	1e-05	1e-05	1e-05	1e-05	1e-05	1e-05	1e-05	1e-05	1e-05	1e-05	1e-05	1e-05	1e-05	1e-05	"k"
"128141"	0.956	1e-05	1e-05	1e-05	1e-05	1e-05	1e-05	1e-05	1e-05	1e-05	1e-05	1e-05	1e-05	1e-05	1e-05	1e-05	"k"
"128145"	0.394	0.666	0.934	0.004	1e-05	1e-05	1e-05	1e-05	1e-05	1e-05	1e-05	1e-05	1e-05	1e-05	1e-05	1e-05	"k"
"128147"	0.322	1.064	1e-05	1e-05	1e-05	1e-05	1e-05	1e-05	1e-05	1e-05	1e-05	1e-05	1e-05	1e-05	1e-05	1e-05	"k"
"128149"	0.51	0.876	0.606	0.006	1e-05	1e-05	1e-05	1e-05	1e-05	1e-05	1e-05	1e-05	1e-05	1e-05	1e-05	1e-05	"k"
"128150"	0.629	1e-05	1e-05	1e-05	1e-05	1e-05	1e-05	1e-05	1e-05	1e-05	1e-05	1e-05	1e-05	1e-05	1e-05	1e-05	"k"
"9449998"	0.708	1e-05	1e-05	1e-05	1e-05	1e-05	1e-05	1e-05	1e-05	1e-05	1e-05	1e-05	1e-05	1e-05	1e-05	1e-05	"k"
"9449999"	0.378	0.888	0.732	0	1e-05	1e-05	1e-05	1e-05	1e-05	1e-05	1e-05	1e-05	1e-05	1e-05	1e-05	1e-05	"k"
"9450000"	0.721	1e-05	1e-05	1e-05	1e-05	1e-05	1e-05	1e-05	1e-05	1e-05	1e-05	1e-05	1e-05	1e-05	1e-05	1e-05	"k"
"9558745"	0.671	1e-05	1e-05	1e-05	1e-05	1e-05	1e-05	1e-05	1e-05	1e-05	1e-05	1e-05	1e-05	1e-05	1e-05	1e-05	"k"
"9559194"	0.738	1e-05	1e-05	1e-05	1e-05	1e-05	1e-05	1e-05	1e-05	1e-05	1e-05	1e-05	1e-05	1e-05	1e-05	1e-05	"k"
"9559197"	0.653	1e-05	1e-05	1e-05	1e-05	1e-05	1e-05	1e-05	1e-05	1e-05	1e-05	1e-05	1e-05	1e-05	1e-05	1e-05	"k"
"9559198"	0.392	0.72	0.882	0.004	1e-05	1e-05	1e-05	1e-05	1e-05	1e-05	1e-05	1e-05	1e-05	1e-05	1e-05	1e-05	"k"
"9559200"	0.388	0.894	0.71	0.006	1e-05	1e-05	1e-05	1e-05	1e-05	1e-05	1e-05	1e-05	1e-05	1e-05	1e-05	1e-05	"k"
"9559201"	0.38	0.902	0.714	0.002	1e-05	1e-05	1e-05	1e-05	1e-05	1e-05	1e-05	1e-05	1e-05	1e-05	1e-05	1e-05	"k"
"9559202"	0.484	0.814	1e-05	1e-05	1e-05	1e-05	1e-05	1e-05	1e-05	1e-05	1e-05	1e-05	1e-05	1e-05	1e-05	1e-05	"k"
"9559231"	0.576	0.896	0.502	0.024	1e-05	1e-05	1e-05	1e-05	1e-05	1e-05	1e-05	1e-05	1e-05	1e-05	1e-05	1e-05	"k"
"9559232"	0.724	1e-05	1e-05	1e-05	1e-05	1e-05	1e-05	1e-05	1e-05	1e-05	1e-05	1e-05	1e-05	1e-05	1e-05	1e-05	"k"
"9559233"	0.474	0.924	0.59	0.01	1e-05	1e-05	1e-05	1e-05	1e-05	1e-05	1e-05	1e-05	1e-05	1e-05	1e-05	1e-05	"k"
"9559234"	0.534	0.928	0.53	0.004	1e-05	1e-05	1e-05	1e-05	1e-05	1e-05	1e-05	1e-05	1e-05	1e-05	1e-05	1e-05	"k"
"9559235"	0.634	1e-05	1e-05	1e-05	1e-05	1e-05	1e-05	1e-05	1e-05	1e-05	1e-05	1e-05	1e-05	1e-05	1e-05	1e-05	"k"
"9559237-1"	0.719	1e-05	1e-05	1e-05	1e-05	1e-05	1e-05	1e-05	1e-05	1e-05	1e-05	1e-05	1e-05	1e-05	1e-05	1e-05	"k"
"9559238"	0.486	0.93	0.572	0.004	1e-05	1e-05	1e-05	1e-05	1e-05	1e-05	1e-05	1e-05	1e-05	1e-05	1e-05	1e-05	"k"
"9559239"	0.51	0.866	0.614	0.004	1e-05	1e-05	1e-05	1e-05	1e-05	1e-05	1e-05	1e-05	1e-05	1e-05	1e-05	1e-05	"k"
"9559240"	0.54	0.87	0.572	0.014	1e-05	1e-05	1e-05	1e-05	1e-05	1e-05	1e-05	1e-05	1e-05	1e-05	1e-05	1e-05	"k"
"9559241"	0.67	0.752	0.202	0.33	1e-05	1e-05	1e-05	1e-05	1e-05	1e-05	1e-05	1e-05	1e-05	1e-05	1e-05	1e-05	"k"
"9559246"	0.6	1.34	0.054	0.004	1e-05	1e-05	1e-05	1e-05	1e-05	1e-05	1e-05	1e-05	1e-05	1e-05	1e-05	1e-05	"k"
"9559247"	0.656	0.768	0.24	0.284	1e-05	1e-05	1e-05	1e-05	1e-05	1e-05	1e-05	1e-05	1e-05	1e-05	1e-05	1e-05	"k"
"9559248"	0.594	1e-05	1e-05	1e-05	1e-05	1e-05	1e-05	1e-05	1e-05	1e-05	1e-05	1e-05	1e-05	1e-05	1e-05	1e-05	"k"
"9559250"	0.452	1.168	0.374	0.004	1e-05	1e-05	1e-05	1e-05	1e-05	1e-05	1e-05	1e-05	1e-05	1e-05	1e-05	1e-05	"k"
"9559261"	0.42	1.5	0.076	0.002	1e-05	1e-05	1e-05	1e-05	1e-05	1e-05	1e-05	1e-05	1e-05	1e-05	1e-05	1e-05	"k"
"9559265"	0.554	0.792	0.434	0.218	1e-05	1e-05	1e-05	1e-05	1e-05	1e-05	1e-05	1e-05	1e-05	1e-05	1e-05	1e-05	"k"
"9559267"	0.46	1.53	0.006	0.002	1e-05	1e-05	1e-05	1e-05	1e-05	1e-05	1e-05	1e-05	1e-05	1e-05	1e-05	1e-05	"k"
"9559272"	0.797	1e-05	1e-05	1e-05	1e-05	1e-05	1e-05	1e-05	1e-05	1e-05	1e-05	1e-05	1e-05	1e-05	1e-05	1e-05	"k"
"9559275"	0.595	1e-05	1e-05	1e-05	1e-05	1e-05	1e-05	1e-05	1e-05	1e-05	1e-05	1e-05	1e-05	1e-05	1e-05	1e-05	"k"
"9559277"	0.636	1e-05	1e-05	1e-05	1e-05	1e-05	1e-05	1e-05	1e-05	1e-05	1e-05	1e-05	1e-05	1e-05	1e-05	1e-05	"k"
"9559283"	0.694	0.748	0.268	0.252	1e-05	1e-05	1e-05	1e-05	1e-05	1e-05	1e-05	1e-05	1e-05	1e-05	1e-05	1e-05	"k"
"9559286"	0.352	1.046	0.598	0.002	1e-05	1e-05	1e-05	1e-05	1e-05	1e-05	1e-05	1e-05	1e-05	1e-05	1e-05	1e-05	"k"
"9559287"	0.619	1e-05	1e-05	1e-05	1e-05	1e-05	1e-05	1e-05	1e-05	1e-05	1e-05	1e-05	1e-05	1e-05	1e-05	1e-05	"k"
"9559288"	0.637	1e-05	1e-05	1e-05	1e-05	1e-05	1e-05	1e-05	1e-05	1e-05	1e-05	1e-05	1e-05	1e-05	1e-05	1e-05	"k"
"9559289"	0.462	0.984	0.55	0	1e-05	1e-05	1e-05	1e-05	1e-05	1e-05	1e-05	1e-05	1e-05	1e-05	1e-05	1e-05	"k"
"9559290"	0.5	0.832	0.646	0.014	1e-05	1e-05	1e-05	1e-05	1e-05	1e-05	1e-05	1e-05	1e-05	1e-05	1e-05	1e-05	"k"
"9559291"	0.468	0.898	0.628	0.004	1e-05	1e-05	1e-05	1e-05	1e-05	1e-05	1e-05	1e-05	1e-05	1e-05	1e-05	1e-05	"k"
"9559292"	0.736	1e-05	1e-05	1e-05	1e-05	1e-05	1e-05	1e-05	1e-05	1e-05	1e-05	1e-05	1e-05	1e-05	1e-05	1e-05	"k"
"9559295"	0.488	0.896	0.61	0.002	1e-05	1e-05	1e-05	1e-05	1e-05	1e-05	1e-05	1e-05	1e-05	1e-05	1e-05	1e-05	"k"
"9559296"	0.486	1.182	0.326	0.002	1e-05	1e-05	1e-05	1e-05	1e-05	1e-05	1e-05	1e-05	1e-05	1e-05	1e-05	1e-05	"k"
"9559297"	0.634	1e-05	1e-05	1e-05	1e-05	1e-05	1e-05	1e-05	1e-05	1e-05	1e-05	1e-05	1e-05	1e-05	1e-05	1e-05	"k"
"9559298"	0.572	0.938	0.464	0.02	1e-05	1e-05	1e-05	1e-05	1e-05	1e-05	1e-05	1e-05	1e-05	1e-05	1e-05	1e-05	"k"
"9559398"	0.452	0.958	0.578	0.006	1e-05	1e-05	1e-05	1e-05	1e-05	1e-05	1e-05	1e-05	1e-05	1e-05	1e-05	1e-05	"k"
"9559412"	0.404	0.844	0.748	0.002	1e-05	1e-05	1e-05	1e-05	1e-05	1e-05	1e-05	1e-05	1e-05	1e-05	1e-05	1e-05	"k"
"9559430"	0.5	0.956	0.534	0.008	1e-05	1e-05	1e-05	1e-05	1e-05	1e-05	1e-05	1e-05	1e-05	1e-05	1e-05	1e-05	"k"
"9559482"	0.546	0.79	0.624	0.038	1e-05	1e-05	1e-05	1e-05	1e-05	1e-05	1e-05	1e-05	1e-05	1e-05	1e-05	1e-05	"k"
"9559486"	0.706	1e-05	1e-05	1e-05	1e-05	1e-05	1e-05	1e-05	1e-05	1e-05	1e-05	1e-05	1e-05	1e-05	1e-05	1e-05	"k"
"9559488"	0.39	0.956	0.646	0.006	1e-05	1e-05	1e-05	1e-05	1e-05	1e-05	1e-05	1e-05	1e-05	1e-05	1e-05	1e-05	"k"
"9559489"	0.576	0.736	0.574	0.092	1e-05	1e-05	1e-05	1e-05	1e-05	1e-05	1e-05	1e-05	1e-05	1e-05	1e-05	1e-05	"k"
"9559490"	0.716	1e-05	1e-05	1e-05	1e-05	1e-05	1e-05	1e-05	1e-05	1e-05	1e-05	1e-05	1e-05	1e-05	1e-05	1e-05	"k"
"9559491"	0.698	1.088	0.208	0.004	1e-05	1e-05	1e-05	1e-05	1e-05	1e-05	1e-05	1e-05	1e-05	1e-05	1e-05	1e-05	"k"
"9559504"	0.592	0.842	0.546	0.018	1e-05	1e-05	1e-05	1e-05	1e-05	1e-05	1e-05	1e-05	1e-05	1e-05	1e-05	1e-05	"k"
"9559505"	0.546	0.874	0.56	0.018	1e-05	1e-05	1e-05	1e-05	1e-05	1e-05	1e-05	1e-05	1e-05	1e-05	1e-05	1e-05	"k"
"9559507"	0.648	0.928	0.406	0.016	1e-05	1e-05	1e-05	1e-05	1e-05	1e-05	1e-05	1e-05	1e-05	1e-05	1e-05	1e-05	"k"
"9559542"	0.482	0.892	0.612	0.012	1e-05	1e-05	1e-05	1e-05	1e-05	1e-05	1e-05	1e-05	1e-05	1e-05	1e-05	1e-05	"k"
"9559546"	0.637	1e-05	1e-05	1e-05	1e-05	1e-05	1e-05	1e-05	1e-05	1e-05	1e-05	1e-05	1e-05	1e-05	1e-05	1e-05	"k"
"9559547"	0.95	1e-05	1e-05	1e-05	1e-05	1e-05	1e-05	1e-05	1e-05	1e-05	1e-05	1e-05	1e-05	1e-05	1e-05	1e-05	"k"
"9559550"	0.56	0.916	0.482	0.036	1e-05	1e-05	1e-05	1e-05	1e-05	1e-05	1e-05	1e-05	1e-05	1e-05	1e-05	1e-05	"k"
"9559561"	0.844	0.872	0.258	0.022	1e-05	1e-05	1e-05	1e-05	1e-05	1e-05	1e-05	1e-05	1e-05	1e-05	1e-05	1e-05	"k"
"9559565"	0.59	1.108	0.29	0.008	1e-05	1e-05	1e-05	1e-05	1e-05	1e-05	1e-05	1e-05	1e-05	1e-05	1e-05	1e-05	"k"
"9559570"	0.599	1e-05	1e-05	1e-05	1e-05	1e-05	1e-05	1e-05	1e-05	1e-05	1e-05	1e-05	1e-05	1e-05	1e-05	1e-05	"k"
"9387261"	0.709	1e-05	1e-05	1e-05	1e-05	1e-05	1e-05	1e-05	1e-05	1e-05	1e-05	1e-05	1e-05	1e-05	1e-05	1e-05	"n"
"9387262"	0.648	0.818	0.504	0.028	1e-05	1e-05	1e-05	1e-05	1e-05	1e-05	1e-05	1e-05	1e-05	1e-05	1e-05	1e-05	"n"
"9387279"	0.641	1e-05	1e-05	1e-05	1e-05	1e-05	1e-05	1e-05	1e-05	1e-05	1e-05	1e-05	1e-05	1e-05	1e-05	1e-05	"n"
"9558701"	0.733	1e-05	1e-05	1e-05	1e-05	1e-05	1e-05	1e-05	1e-05	1e-05	1e-05	1e-05	1e-05	1e-05	1e-05	1e-05	"n"
"9558702"	0.744	1e-05	1e-05	1e-05	1e-05	1e-05	1e-05	1e-05	1e-05	1e-05	1e-05	1e-05	1e-05	1e-05	1e-05	1e-05	"n"
"9558703"	0.486	0.882	0.624	0.004	1e-05	1e-05	1e-05	1e-05	1e-05	1e-05	1e-05	1e-05	1e-05	1e-05	1e-05	1e-05	"n"
"9558704"	0.715	1e-05	1e-05	1e-05	1e-05	1e-05	1e-05	1e-05	1e-05	1e-05	1e-05	1e-05	1e-05	1e-05	1e-05	1e-05	"n"
"9558705"	0.592	0.78	0.588	0.034	1e-05	1e-05	1e-05	1e-05	1e-05	1e-05	1e-05	1e-05	1e-05	1e-05	1e-05	1e-05	"n"
"9558706"	0.6	0.816	0.558	0.024	1e-05	1e-05	1e-05	1e-05	1e-05	1e-05	1e-05	1e-05	1e-05	1e-05	1e-05	1e-05	"n"
"9558707"	0.644	0.878	0.446	0.03	1e-05	1e-05	1e-05	1e-05	1e-05	1e-05	1e-05	1e-05	1e-05	1e-05	1e-05	1e-05	"n"
"9558708"	0.706	1e-05	1e-05	1e-05	1e-05	1e-05	1e-05	1e-05	1e-05	1e-05	1e-05	1e-05	1e-05	1e-05	1e-05	1e-05	"n"
"9558709"	0.566	0.902	0.508	0.022	1e-05	1e-05	1e-05	1e-05	1e-05	1e-05	1e-05	1e-05	1e-05	1e-05	1e-05	1e-05	"n"
"9558710"	0.584	0.7	0.542	0.168	1e-05	1e-05	1e-05	1e-05	1e-05	1e-05	1e-05	1e-05	1e-05	1e-05	1e-05	1e-05	"n"
"9558711"	0.502	0.924	0.558	0.012	1e-05	1e-05	1e-05	1e-05	1e-05	1e-05	1e-05	1e-05	1e-05	1e-05	1e-05	1e-05	"n"
"9558712"	0.696	1e-05	1e-05	1e-05	1e-05	1e-05	1e-05	1e-05	1e-05	1e-05	1e-05	1e-05	1e-05	1e-05	1e-05	1e-05	"n"
"9558713"	0.616	0.81	0.56	0.012	1e-05	1e-05	1e-05	1e-05	1e-05	1e-05	1e-05	1e-05	1e-05	1e-05	1e-05	1e-05	"n"
"9558714"	0.567	1e-05	1e-05	1e-05	1e-05	1e-05	1e-05	1e-05	1e-05	1e-05	1e-05	1e-05	1e-05	1e-05	1e-05	1e-05	"n"
"9558715"	0.524	0.866	0.574	0.032	1e-05	1e-05	1e-05	1e-05	1e-05	1e-05	1e-05	1e-05	1e-05	1e-05	1e-05	1e-05	"n"
"9558716"	0.678	0.798	0.412	0.106	1e-05	1e-05	1e-05	1e-05	1e-05	1e-05	1e-05	1e-05	1e-05	1e-05	1e-05	1e-05	"n"
"9558717"	0.639	1e-05	1e-05	1e-05	1e-05	1e-05	1e-05	1e-05	1e-05	1e-05	1e-05	1e-05	1e-05	1e-05	1e-05	1e-05	"n"
"9558719"	0.645	1e-05	1e-05	1e-05	1e-05	1e-05	1e-05	1e-05	1e-05	1e-05	1e-05	1e-05	1e-05	1e-05	1e-05	1e-05	"n"
"9558720"	0.695	1e-05	1e-05	1e-05	1e-05	1e-05	1e-05	1e-05	1e-05	1e-05	1e-05	1e-05	1e-05	1e-05	1e-05	1e-05	"n"
"9558723"	0.721	1e-05	1e-05	1e-05	1e-05	1e-05	1e-05	1e-05	1e-05	1e-05	1e-05	1e-05	1e-05	1e-05	1e-05	1e-05	"n"
"9558725"	0.406	0.928	0.66	0.004	1e-05	1e-05	1e-05	1e-05	1e-05	1e-05	1e-05	1e-05	1e-05	1e-05	1e-05	1e-05	"n"
"9558726"	0.692	1e-05	1e-05	1e-05	1e-05	1e-05	1e-05	1e-05	1e-05	1e-05	1e-05	1e-05	1e-05	1e-05	1e-05	1e-05	"n"
"9558728"	0.546	0.752	0.668	0.032	1e-05	1e-05	1e-05	1e-05	1e-05	1e-05	1e-05	1e-05	1e-05	1e-05	1e-05	1e-05	"n"
"9558729"	0.595	1e-05	1e-05	1e-05	1e-05	1e-05	1e-05	1e-05	1e-05	1e-05	1e-05	1e-05	1e-05	1e-05	1e-05	1e-05	"n"
"9558732"	0.4	0.876	0.72	0.002	1e-05	1e-05	1e-05	1e-05	1e-05	1e-05	1e-05	1e-05	1e-05	1e-05	1e-05	1e-05	"n"
"9558733"	0.687	1e-05	1e-05	1e-05	1e-05	1e-05	1e-05	1e-05	1e-05	1e-05	1e-05	1e-05	1e-05	1e-05	1e-05	1e-05	"n"
"9558735"	0.344	0.932	0.716	0.006	1e-05	1e-05	1e-05	1e-05	1e-05	1e-05	1e-05	1e-05	1e-05	1e-05	1e-05	1e-05	"n"
"9558736"	0.646	0.794	0.484	0.074	1e-05	1e-05	1e-05	1e-05	1e-05	1e-05	1e-05	1e-05	1e-05	1e-05	1e-05	1e-05	"n"
"9558737"	0.63	0.842	0.514	0.012	1e-05	1e-05	1e-05	1e-05	1e-05	1e-05	1e-05	1e-05	1e-05	1e-05	1e-05	1e-05	"n"
"9558738"	0.554	0.916	0.516	0.01	1e-05	1e-05	1e-05	1e-05	1e-05	1e-05	1e-05	1e-05	1e-05	1e-05	1e-05	1e-05	"n"
"9558739"	0.482	0.87	0.644	0.002	1e-05	1e-05	1e-05	1e-05	1e-05	1e-05	1e-05	1e-05	1e-05	1e-05	1e-05	1e-05	"n"
"9558740"	0.552	0.88	0.552	0.014	1e-05	1e-05	1e-05	1e-05	1e-05	1e-05	1e-05	1e-05	1e-05	1e-05	1e-05	1e-05	"n"
"9558741"	0.396	0.894	0.708	0	1e-05	1e-05	1e-05	1e-05	1e-05	1e-05	1e-05	1e-05	1e-05	1e-05	1e-05	1e-05	"n"
"9558742"	0.54	0.866	0.576	0.016	1e-05	1e-05	1e-05	1e-05	1e-05	1e-05	1e-05	1e-05	1e-05	1e-05	1e-05	1e-05	"n"
"9558743"	0.526	0.802	0.64	0.028	1e-05	1e-05	1e-05	1e-05	1e-05	1e-05	1e-05	1e-05	1e-05	1e-05	1e-05	1e-05	"n"
"9558744"	0.446	0.94	0.608	0.004	1e-05	1e-05	1e-05	1e-05	1e-05	1e-05	1e-05	1e-05	1e-05	1e-05	1e-05	1e-05	"n"
"9558746"	0.514	0.94	0.536	0.008	1e-05	1e-05	1e-05	1e-05	1e-05	1e-05	1e-05	1e-05	1e-05	1e-05	1e-05	1e-05	"n"
"9558747"	0.568	0.892	0.5	0.038	1e-05	1e-05	1e-05	1e-05	1e-05	1e-05	1e-05	1e-05	1e-05	1e-05	1e-05	1e-05	"n"
"9558748"	0.588	0.9	0.494	0.016	1e-05	1e-05	1e-05	1e-05	1e-05	1e-05	1e-05	1e-05	1e-05	1e-05	1e-05	1e-05	"n"
"9558750"	0.54	0.726	0.664	0.068	1e-05	1e-05	1e-05	1e-05	1e-05	1e-05	1e-05	1e-05	1e-05	1e-05	1e-05	1e-05	"n"
"9558752"	0.426	0.876	0.692	0.002	1e-05	1e-05	1e-05	1e-05	1e-05	1e-05	1e-05	1e-05	1e-05	1e-05	1e-05	1e-05	"n"
"9558753"	0.602	0.814	0.542	0.04	1e-05	1e-05	1e-05	1e-05	1e-05	1e-05	1e-05	1e-05	1e-05	1e-05	1e-05	1e-05	"n"
"9558754"	0.34	0.98	0.67	0.006	1e-05	1e-05	1e-05	1e-05	1e-05	1e-05	1e-05	1e-05	1e-05	1e-05	1e-05	1e-05	"n"
"9558755"	0.466	0.928	0.604	0	1e-05	1e-05	1e-05	1e-05	1e-05	1e-05	1e-05	1e-05	1e-05	1e-05	1e-05	1e-05	"n"
"9558756"	0.694	1e-05	1e-05	1e-05	1e-05	1e-05	1e-05	1e-05	1e-05	1e-05	1e-05	1e-05	1e-05	1e-05	1e-05	1e-05	"n"
"9558757"	0.344	0.898	1e-05	1e-05	1e-05	1e-05	1e-05	1e-05	1e-05	1e-05	1e-05	1e-05	1e-05	1e-05	1e-05	1e-05	"n"
"9558758"	0.324	0.854	0.818	0	1e-05	1e-05	1e-05	1e-05	1e-05	1e-05	1e-05	1e-05	1e-05	1e-05	1e-05	1e-05	"n"
"9558759"	0.526	0.804	0.65	0.018	1e-05	1e-05	1e-05	1e-05	1e-05	1e-05	1e-05	1e-05	1e-05	1e-05	1e-05	1e-05	"n"
"9558760"	0.609	1e-05	1e-05	1e-05	1e-05	1e-05	1e-05	1e-05	1e-05	1e-05	1e-05	1e-05	1e-05	1e-05	1e-05	1e-05	"n"
"9559181"	0.678	1e-05	1e-05	1e-05	1e-05	1e-05	1e-05	1e-05	1e-05	1e-05	1e-05	1e-05	1e-05	1e-05	1e-05	1e-05	"n"
"9559182"	0.552	0.912	0.518	0.016	1e-05	1e-05	1e-05	1e-05	1e-05	1e-05	1e-05	1e-05	1e-05	1e-05	1e-05	1e-05	"n"
"9559184"	0.426	0.916	0.654	0.002	1e-05	1e-05	1e-05	1e-05	1e-05	1e-05	1e-05	1e-05	1e-05	1e-05	1e-05	1e-05	"n"
"9559185"	0.671	1e-05	1e-05	1e-05	1e-05	1e-05	1e-05	1e-05	1e-05	1e-05	1e-05	1e-05	1e-05	1e-05	1e-05	1e-05	"n"
"9559186"	0.705	1e-05	1e-05	1e-05	1e-05	1e-05	1e-05	1e-05	1e-05	1e-05	1e-05	1e-05	1e-05	1e-05	1e-05	1e-05	"n"
"9559187"	0.51	0.902	0.58	0.004	1e-05	1e-05	1e-05	1e-05	1e-05	1e-05	1e-05	1e-05	1e-05	1e-05	1e-05	1e-05	"n"
"9559190"	0.67	1e-05	1e-05	1e-05	1e-05	1e-05	1e-05	1e-05	1e-05	1e-05	1e-05	1e-05	1e-05	1e-05	1e-05	1e-05	"n"
"9559205"	0.656	1e-05	1e-05	1e-05	1e-05	1e-05	1e-05	1e-05	1e-05	1e-05	1e-05	1e-05	1e-05	1e-05	1e-05	1e-05	"n"
"9559214"	0.35	0.872	0.776	0	1e-05	1e-05	1e-05	1e-05	1e-05	1e-05	1e-05	1e-05	1e-05	1e-05	1e-05	1e-05	"n"
"9559215"	0.408	0.89	0.694	0.006	1e-05	1e-05	1e-05	1e-05	1e-05	1e-05	1e-05	1e-05	1e-05	1e-05	1e-05	1e-05	"n"
"9559402"	0.518	0.872	0.576	0.032	1e-05	1e-05	1e-05	1e-05	1e-05	1e-05	1e-05	1e-05	1e-05	1e-05	1e-05	1e-05	"n"
"9559403"	0.62	0.86	0.44	0.076	1e-05	1e-05	1e-05	1e-05	1e-05	1e-05	1e-05	1e-05	1e-05	1e-05	1e-05	1e-05	"n"
"9559404"	0.719	1e-05	1e-05	1e-05	1e-05	1e-05	1e-05	1e-05	1e-05	1e-05	1e-05	1e-05	1e-05	1e-05	1e-05	1e-05	"n"
"9559405"	0.308	0.94	0.744	0.006	1e-05	1e-05	1e-05	1e-05	1e-05	1e-05	1e-05	1e-05	1e-05	1e-05	1e-05	1e-05	"n"
"9559406"	0.685	1e-05	1e-05	1e-05	1e-05	1e-05	1e-05	1e-05	1e-05	1e-05	1e-05	1e-05	1e-05	1e-05	1e-05	1e-05	"n"
"9559407"	0.414	0.848	0.726	0.008	1e-05	1e-05	1e-05	1e-05	1e-05	1e-05	1e-05	1e-05	1e-05	1e-05	1e-05	1e-05	"n"
"9559408"	0.682	0.806	0.4	0.108	1e-05	1e-05	1e-05	1e-05	1e-05	1e-05	1e-05	1e-05	1e-05	1e-05	1e-05	1e-05	"n"
"9559409"	0.542	0.892	0.548	0.016	1e-05	1e-05	1e-05	1e-05	1e-05	1e-05	1e-05	1e-05	1e-05	1e-05	1e-05	1e-05	"n"
"9559410"	0.634	1e-05	1e-05	1e-05	1e-05	1e-05	1e-05	1e-05	1e-05	1e-05	1e-05	1e-05	1e-05	1e-05	1e-05	1e-05	"n"
"9559421"	0.424	0.838	0.734	0.002	1e-05	1e-05	1e-05	1e-05	1e-05	1e-05	1e-05	1e-05	1e-05	1e-05	1e-05	1e-05	"n"
"9559422"	0.47	0.906	0.618	0.002	1e-05	1e-05	1e-05	1e-05	1e-05	1e-05	1e-05	1e-05	1e-05	1e-05	1e-05	1e-05	"n"
"9559424"	0.688	1e-05	1e-05	1e-05	1e-05	1e-05	1e-05	1e-05	1e-05	1e-05	1e-05	1e-05	1e-05	1e-05	1e-05	1e-05	"n"
"9559425"	0.715	1e-05	1e-05	1e-05	1e-05	1e-05	1e-05	1e-05	1e-05	1e-05	1e-05	1e-05	1e-05	1e-05	1e-05	1e-05	"n"
"9559426"	0.53	0.87	0.578	0.02	1e-05	1e-05	1e-05	1e-05	1e-05	1e-05	1e-05	1e-05	1e-05	1e-05	1e-05	1e-05	"n"
"9559436"	0.574	0.896	0.51	0.014	1e-05	1e-05	1e-05	1e-05	1e-05	1e-05	1e-05	1e-05	1e-05	1e-05	1e-05	1e-05	"n"
"9559439"	0.736	1e-05	1e-05	1e-05	1e-05	1e-05	1e-05	1e-05	1e-05	1e-05	1e-05	1e-05	1e-05	1e-05	1e-05	1e-05	"n"
"9559442"	0.432	0.942	0.62	0.002	1e-05	1e-05	1e-05	1e-05	1e-05	1e-05	1e-05	1e-05	1e-05	1e-05	1e-05	1e-05	"n"
"9559445"	0.612	0.94	0.412	0.03	1e-05	1e-05	1e-05	1e-05	1e-05	1e-05	1e-05	1e-05	1e-05	1e-05	1e-05	1e-05	"n"
"9559448"	0.7	1e-05	1e-05	1e-05	1e-05	1e-05	1e-05	1e-05	1e-05	1e-05	1e-05	1e-05	1e-05	1e-05	1e-05	1e-05	"n"
"9559449"	0.494	0.842	0.65	0.012	1e-05	1e-05	1e-05	1e-05	1e-05	1e-05	1e-05	1e-05	1e-05	1e-05	1e-05	1e-05	"n"
"9559494"	0.524	1.214	0.258	0.002	1e-05	1e-05	1e-05	1e-05	1e-05	1e-05	1e-05	1e-05	1e-05	1e-05	1e-05	1e-05	"n"
"9559495"	0.855	1e-05	1e-05	1e-05	1e-05	1e-05	1e-05	1e-05	1e-05	1e-05	1e-05	1e-05	1e-05	1e-05	1e-05	1e-05	"n"
"9559496"	0.892	1e-05	1e-05	1e-05	1e-05	1e-05	1e-05	1e-05	1e-05	1e-05	1e-05	1e-05	1e-05	1e-05	1e-05	1e-05	"n"
"9559497"	0.534	1.108	0.348	0.008	1e-05	1e-05	1e-05	1e-05	1e-05	1e-05	1e-05	1e-05	1e-05	1e-05	1e-05	1e-05	"n"
"9559498"	0.488	1.402	0.106	0.002	1e-05	1e-05	1e-05	1e-05	1e-05	1e-05	1e-05	1e-05	1e-05	1e-05	1e-05	1e-05	"n"
"9559500"	0.659	1e-05	1e-05	1e-05	1e-05	1e-05	1e-05	1e-05	1e-05	1e-05	1e-05	1e-05	1e-05	1e-05	1e-05	1e-05	"n"
"9559501"	0.46	0.97	0.564	0.004	1e-05	1e-05	1e-05	1e-05	1e-05	1e-05	1e-05	1e-05	1e-05	1e-05	1e-05	1e-05	"n"
"9559502"	0.718	1e-05	1e-05	1e-05	1e-05	1e-05	1e-05	1e-05	1e-05	1e-05	1e-05	1e-05	1e-05	1e-05	1e-05	1e-05	"n"
"9559503"	0.679	1e-05	1e-05	1e-05	1e-05	1e-05	1e-05	1e-05	1e-05	1e-05	1e-05	1e-05	1e-05	1e-05	1e-05	1e-05	"n"
"9559515"	0.41	0.868	0.718	0	1e-05	1e-05	1e-05	1e-05	1e-05	1e-05	1e-05	1e-05	1e-05	1e-05	1e-05	1e-05	"n"
"9559516"	0.664	1e-05	1e-05	1e-05	1e-05	1e-05	1e-05	1e-05	1e-05	1e-05	1e-05	1e-05	1e-05	1e-05	1e-05	1e-05	"n"
"9559517"	0.412	0.916	0.662	0.008	1e-05	1e-05	1e-05	1e-05	1e-05	1e-05	1e-05	1e-05	1e-05	1e-05	1e-05	1e-05	"n"
"9559518"	0.552	0.852	0.57	0.022	1e-05	1e-05	1e-05	1e-05	1e-05	1e-05	1e-05	1e-05	1e-05	1e-05	1e-05	1e-05	"n"
"9559520"	0.552	0.87	0.554	0.022	1e-05	1e-05	1e-05	1e-05	1e-05	1e-05	1e-05	1e-05	1e-05	1e-05	1e-05	1e-05	"n"
"9559521"	0.689	1e-05	1e-05	1e-05	1e-05	1e-05	1e-05	1e-05	1e-05	1e-05	1e-05	1e-05	1e-05	1e-05	1e-05	1e-05	"n"
"9559522"	0.687	1e-05	1e-05	1e-05	1e-05	1e-05	1e-05	1e-05	1e-05	1e-05	1e-05	1e-05	1e-05	1e-05	1e-05	1e-05	"n"
"9559523"	0.488	0.896	0.598	0.01	1e-05	1e-05	1e-05	1e-05	1e-05	1e-05	1e-05	1e-05	1e-05	1e-05	1e-05	1e-05	"n"
"9559525"	0.456	0.89	0.644	0.008	1e-05	1e-05	1e-05	1e-05	1e-05	1e-05	1e-05	1e-05	1e-05	1e-05	1e-05	1e-05	"n"
"9559526"	0.528	0.892	0.57	0.008	1e-05	1e-05	1e-05	1e-05	1e-05	1e-05	1e-05	1e-05	1e-05	1e-05	1e-05	1e-05	"n"
"9559529"	0.614	0.906	0.438	0.04	1e-05	1e-05	1e-05	1e-05	1e-05	1e-05	1e-05	1e-05	1e-05	1e-05	1e-05	1e-05	"n"
